3 6 4
5 9 4
7 0 3
7 9 4
9 5 4
7 9 4
9 9 1
0 0 0
6 6 4
3 0 2
0 1 0
9 9 4
9 8 1
5 6 4
7 8 4
7 9 4
3 3 3
0 0 2
8 9 1
6 3 4
6 5 4
2 1 0
9 9 1
8 6 4
9 8 4
0 0 3
8 8 1
0 2 2
9 6 4
3 2 2
7 7 4
6 6 4
0 1 3
0 0 3
0 0 3
0 2 2
0 0 3
0 0 3
0 0 3
3 1 2
5 5 4
9 8 4
8 5 4
5 5 4
1 0 2
9 9 1
0 0 2
0 1 3
3 9 4
0 0 3
6 9 4
9 9 1
7 8 4
3 8 4
3 1 2
1 1 2
6 9 4
0 2 2
7 8 4
0 1 0
0 0 3
2 0 0
1 1 3
9 9 1
7 9 4
8 7 4
3 1 2
3 0 3
8 9 4
6 8 4
2 0 2
0 0 0
9 9 1
9 5 4
1 0 2
9 6 4
9 9 4
0 1 0
0 1 3
9 9 1
1 0 3
3 0 2
0 1 3
1 1 2
0 1 0
5 9 4
8 9 4
3 0 2
0 0 3
6 6 4
2 0 2
4 2 2
7 5 4
0 0 3
0 0 3
9 9 4
8 4 4
0 0 0
0 1 0
3 0 2


